<?xml version="1.0" encoding="UTF-8"?>
<map version="1.2" tiledversion="1.3.4" orientation="orthogonal" renderorder="left-up" width="100" height="100" tilewidth="32" tileheight="32" infinite="0" nextlayerid="5" nextobjectid="6">
 <tileset firstgid="1" source="../../../../../../../../../../gitlab/mapy/kafelki/lightsand.tsx"/>
 <tileset firstgid="217" source="../../../../../../../../../../gitlab/mapy/kafelki/terrain_atlas.tsx"/>
 <group id="2" name="Grupa 1">
  <layer id="1" name="Warstwa Kafelków 1" width="100" height="100">
   <data encoding="csv">
0,0,98,98,98,0,0,0,0,98,98,98,98,98,0,98,98,98,0,0,0,98,98,98,98,98,98,98,98,98,98,0,98,98,0,98,0,0,0,0,0,0,0,98,0,0,98,98,98,98,98,98,98,98,98,98,0,0,98,98,0,0,0,0,0,98,98,0,0,0,98,98,0,98,98,98,98,98,98,98,98,98,98,98,98,98,98,98,98,98,98,98,98,98,98,98,0,0,0,0,
0,98,98,0,0,0,0,0,98,0,98,98,98,98,98,98,98,0,0,98,98,98,98,98,98,98,98,98,98,0,0,98,0,98,98,0,0,98,0,0,0,98,98,98,98,98,98,98,98,0,0,98,98,98,0,0,98,98,0,0,0,0,0,0,98,0,0,0,0,98,98,98,98,98,98,98,98,98,98,98,98,98,98,98,98,98,98,98,98,98,98,98,98,98,98,98,0,0,0,0,
98,98,0,0,0,0,98,98,0,98,98,98,98,0,98,98,0,98,98,98,98,98,98,98,98,98,98,98,0,98,98,0,98,98,0,98,98,0,0,98,98,98,98,98,98,98,98,0,0,98,98,98,0,0,98,98,98,98,98,0,0,0,98,98,0,0,0,0,0,98,98,98,98,98,98,98,98,98,98,98,98,98,98,98,98,98,98,98,98,98,98,98,98,98,98,98,0,0,0,0,
0,98,0,0,98,98,0,98,98,98,98,98,98,98,98,98,98,98,98,98,98,98,98,98,98,98,98,0,98,0,98,98,98,98,98,0,0,98,98,98,98,98,98,98,98,0,98,98,98,98,98,98,0,98,98,98,98,0,0,0,0,98,0,0,0,0,0,98,98,98,98,98,98,98,98,98,98,98,98,98,98,98,98,98,98,98,98,98,98,98,98,98,98,98,98,98,0,0,0,0,
98,0,98,98,0,0,98,98,98,98,98,98,98,98,0,98,98,98,98,98,98,98,98,98,98,98,98,98,98,98,0,98,98,98,0,0,98,98,98,98,98,98,0,0,98,98,98,98,98,98,98,98,98,98,98,0,0,0,0,98,98,0,98,98,98,98,98,98,98,98,98,98,98,98,98,98,98,98,98,98,98,98,98,98,98,98,98,98,98,98,98,98,98,98,98,98,0,0,0,0,
98,98,0,0,0,98,98,98,98,98,98,98,98,0,98,98,98,98,98,98,0,98,98,98,98,98,98,98,98,98,98,98,0,98,98,98,98,98,98,98,98,0,98,98,98,98,0,98,98,98,98,98,98,0,98,0,0,98,98,98,98,98,98,98,98,98,98,98,98,98,98,98,98,98,98,98,98,98,98,98,98,98,98,98,98,98,98,98,98,98,98,98,98,98,98,98,0,0,0,0,
0,0,0,98,98,98,98,98,98,98,98,98,98,0,98,98,0,98,98,98,98,98,0,98,98,98,98,0,98,98,0,98,98,98,98,98,98,98,98,0,98,98,98,98,98,98,98,98,98,98,98,98,98,98,98,98,98,98,98,98,98,98,98,98,98,98,98,98,98,98,98,98,98,98,98,98,98,98,98,98,98,98,98,98,98,98,98,98,98,98,98,98,98,98,98,98,0,0,0,0,
0,0,98,98,98,98,0,0,98,98,98,0,98,98,98,0,98,0,98,98,98,0,98,98,98,0,0,98,98,98,98,98,98,98,98,98,98,98,98,98,98,98,98,98,98,98,98,98,98,98,98,98,98,98,98,98,0,98,98,0,98,98,98,98,98,98,98,98,98,98,98,98,98,98,98,98,98,98,98,98,98,98,98,98,98,98,98,98,98,98,98,98,98,98,98,98,0,0,0,0,
98,98,0,98,98,0,98,98,98,0,0,98,98,98,98,98,0,98,98,98,0,98,98,98,0,0,98,98,98,98,98,98,98,98,98,98,98,98,98,98,98,98,98,0,98,98,98,98,98,98,98,98,98,98,98,98,98,98,98,98,98,98,98,98,98,98,98,98,98,98,98,98,98,98,98,98,98,98,98,98,98,98,98,98,98,98,98,98,98,98,98,98,98,98,98,98,0,0,0,0,
98,98,98,0,0,98,98,98,0,0,98,98,98,98,0,98,98,98,98,98,98,98,98,0,98,98,98,98,98,98,98,98,98,98,98,98,98,98,98,98,98,98,98,98,98,98,98,98,98,98,98,98,98,98,98,98,98,98,98,0,98,98,98,98,98,98,98,98,98,98,98,98,98,98,98,98,98,98,98,98,98,98,98,98,98,98,98,98,98,98,98,98,98,98,98,98,0,0,0,0,
0,98,0,98,98,0,98,0,98,98,98,98,98,98,98,98,98,98,98,98,98,98,0,98,98,98,98,98,98,98,98,98,98,98,98,98,98,98,98,98,98,98,98,98,98,98,98,98,98,98,98,98,98,98,98,98,98,98,98,98,98,98,98,98,98,98,98,98,98,98,98,98,98,98,98,98,0,98,98,98,98,98,98,98,98,98,98,98,98,98,98,98,98,98,98,98,0,0,0,0,
0,98,98,0,0,98,0,98,98,98,98,98,0,98,98,98,98,98,98,98,98,98,98,98,98,98,0,98,98,98,98,98,98,98,98,98,98,98,98,98,0,98,98,98,98,98,98,98,98,98,98,98,98,98,98,98,98,98,98,98,98,98,98,98,98,98,98,98,98,98,98,98,98,98,98,98,98,98,0,98,98,98,98,98,98,98,98,98,98,98,98,98,98,98,98,98,0,0,0,0,
98,98,0,0,98,98,98,98,98,98,98,98,98,98,98,98,98,98,0,98,98,98,0,98,0,98,98,98,0,98,98,98,98,98,98,98,98,98,0,98,98,98,98,98,98,98,98,98,98,98,98,98,98,98,98,98,0,98,98,98,98,98,98,98,98,98,98,98,98,98,98,98,98,98,98,98,98,98,98,98,98,98,98,98,98,98,98,98,98,98,98,98,98,98,98,98,0,0,0,0,
0,0,0,98,98,98,98,98,0,98,98,98,98,98,98,98,0,0,98,98,98,0,98,98,98,98,98,98,98,98,98,98,98,98,98,98,0,98,98,98,98,98,98,98,98,98,98,98,98,98,98,98,98,98,98,98,98,98,98,98,98,98,98,98,98,98,98,98,98,98,98,98,98,98,98,98,98,98,98,98,98,98,98,98,98,98,98,98,98,98,98,98,98,98,98,98,0,0,0,0,
0,0,98,98,98,98,98,98,98,98,98,98,98,98,98,0,0,98,98,98,98,98,98,98,98,98,98,98,98,98,98,98,98,98,0,0,98,98,98,98,98,98,98,98,98,98,98,98,0,98,98,98,98,98,98,98,98,98,98,98,98,98,98,98,0,98,98,98,98,98,98,0,0,98,98,98,98,98,98,98,98,98,98,98,98,98,98,98,98,98,98,98,98,98,98,98,0,0,0,0,
98,98,98,98,98,98,0,0,0,98,98,98,98,98,0,98,98,98,98,98,98,98,98,98,98,98,98,98,98,98,98,98,98,0,98,98,98,98,98,98,98,98,98,98,98,98,98,98,98,98,98,98,98,98,98,98,98,98,98,98,98,98,98,98,98,98,98,98,98,0,0,98,98,98,98,98,98,98,98,98,98,98,98,98,98,98,98,98,98,98,98,98,98,98,98,98,0,0,0,0,
98,0,98,98,0,0,0,0,98,98,98,98,98,98,98,98,98,0,98,98,98,98,98,98,98,98,98,98,98,98,98,98,98,98,98,98,98,98,98,98,98,98,98,98,98,98,98,98,0,98,98,98,98,98,98,98,98,98,98,98,98,0,98,98,98,98,98,98,98,0,98,98,98,98,98,98,98,98,98,98,98,98,98,98,98,98,98,98,98,98,98,98,98,98,98,98,0,0,0,0,
0,0,0,0,0,0,0,98,98,98,98,98,98,98,98,98,98,98,98,98,98,0,98,98,98,98,98,98,98,98,98,98,98,98,98,98,98,98,98,98,98,98,98,98,98,98,98,98,98,98,98,98,98,98,98,98,98,0,98,98,98,98,98,98,98,98,98,98,98,98,98,98,98,98,98,98,98,98,98,98,98,98,98,98,98,98,98,98,98,98,98,98,98,98,98,98,0,0,0,0,
0,0,0,0,0,0,98,98,98,98,98,0,98,98,98,98,0,98,98,98,98,98,98,98,98,98,98,98,98,98,98,98,98,98,98,98,98,98,98,98,98,98,98,98,98,98,98,98,98,98,98,98,98,98,0,98,0,98,98,98,98,98,98,98,98,98,98,98,98,98,98,98,98,98,98,98,98,98,98,98,98,98,98,98,98,98,98,98,98,98,98,98,0,98,98,621,0,0,0,0,
0,0,0,0,0,98,98,98,98,0,98,98,98,98,98,98,98,98,98,98,98,98,98,98,98,98,98,98,0,98,98,98,98,98,98,98,98,98,98,98,98,98,0,98,98,98,98,98,98,98,98,98,98,0,98,98,98,98,98,98,98,98,98,98,98,98,98,98,0,0,98,98,98,98,98,98,98,98,98,98,98,98,98,98,98,0,98,98,0,0,0,98,98,621,621,621,0,0,0,0,
0,0,0,98,98,98,98,0,98,98,98,98,98,98,98,98,98,98,98,98,98,0,98,98,98,98,98,98,98,98,98,98,98,98,98,98,98,98,98,98,98,98,98,98,98,98,98,98,98,98,98,98,98,98,98,98,98,98,98,98,98,98,98,98,98,98,98,98,0,98,98,98,98,98,98,98,98,98,98,98,98,98,98,98,98,98,0,0,0,98,98,621,621,621,621,621,0,0,0,0,
0,98,98,98,98,98,98,98,0,98,98,98,98,98,98,98,98,98,98,0,98,98,98,98,98,98,98,98,98,98,98,98,98,98,98,98,98,98,98,98,98,98,98,98,98,98,98,98,98,98,98,98,98,98,98,98,98,98,98,98,98,98,98,98,98,0,98,98,98,98,98,98,98,98,98,0,98,98,98,98,98,98,0,0,0,98,98,98,98,0,0,98,98,98,98,98,0,0,0,0,
0,0,98,98,98,98,0,0,98,98,98,0,98,98,98,98,98,0,98,98,98,98,98,98,98,98,98,98,98,98,98,98,98,98,98,0,98,98,98,98,98,98,98,98,98,98,98,98,98,98,98,98,98,98,98,98,98,98,98,98,98,98,98,98,0,98,98,98,0,98,98,98,98,98,0,98,98,98,98,98,98,0,0,98,98,98,98,98,98,98,98,98,98,98,621,621,0,0,0,0,
98,98,98,0,0,0,98,98,98,98,0,98,98,98,98,98,98,98,98,98,98,98,98,98,98,98,98,98,98,98,98,98,98,98,98,98,98,98,98,98,98,98,98,98,98,98,98,98,98,98,98,98,98,98,98,98,98,98,98,0,98,98,98,98,98,98,98,98,98,98,98,98,98,98,98,98,98,98,98,98,0,98,98,98,98,98,98,98,0,0,0,98,98,621,621,621,0,0,0,0,
98,0,0,0,0,98,0,98,98,0,98,98,98,98,98,98,98,98,98,98,98,98,98,98,98,98,98,98,98,98,98,98,98,98,98,98,98,98,98,98,98,98,98,98,98,98,98,98,98,98,98,98,98,98,98,98,98,98,98,98,98,98,98,98,98,98,98,98,98,98,98,98,98,98,98,98,98,98,98,98,98,98,98,98,98,98,0,0,0,98,98,621,621,621,621,621,0,0,0,0,
0,0,0,98,98,0,98,0,0,98,98,98,98,98,98,98,98,98,98,98,98,98,98,98,98,98,98,98,98,98,98,98,98,98,98,98,98,98,98,98,98,98,98,98,98,98,98,98,98,98,98,98,98,98,98,98,98,98,98,98,98,98,98,98,98,98,98,98,98,98,98,98,98,98,98,98,98,98,98,98,98,98,98,98,98,0,0,98,98,98,621,621,621,621,621,621,0,0,0,0,
0,0,98,0,0,98,0,0,98,98,98,0,98,98,98,0,98,98,98,98,98,98,98,98,98,98,98,98,98,98,98,98,98,98,98,98,98,98,98,98,98,98,98,98,98,98,98,98,98,0,98,98,98,98,98,98,98,98,98,98,98,98,98,98,98,98,98,98,98,98,98,98,98,98,98,98,98,98,98,98,98,98,98,98,0,98,98,98,98,621,621,621,621,621,621,621,0,0,0,0,
98,98,0,0,98,0,0,98,98,98,0,98,98,98,98,98,98,98,98,98,98,98,98,98,98,98,98,98,98,98,98,98,98,98,98,98,98,98,98,98,98,98,98,98,98,98,98,98,98,98,98,98,98,98,98,98,98,98,98,98,98,98,98,98,98,98,98,98,98,98,98,98,98,98,98,98,98,98,98,98,98,98,98,98,98,98,98,98,621,621,621,621,98,621,621,621,0,0,0,0,
0,0,0,98,0,98,98,98,98,98,98,98,98,98,98,98,98,98,98,98,98,98,98,98,98,0,98,98,98,98,98,98,98,98,98,98,98,98,98,98,98,98,98,98,98,98,98,98,98,98,98,98,98,98,98,98,98,98,98,98,98,98,98,98,98,98,98,98,98,98,98,98,98,98,98,98,98,98,98,98,98,98,98,98,98,98,98,621,621,621,98,98,621,621,98,98,0,0,0,0,
0,98,98,0,98,0,98,98,98,98,0,0,98,98,98,98,98,0,98,98,98,98,98,0,98,98,98,98,98,98,98,98,98,98,98,98,98,98,98,98,98,98,98,98,98,98,98,98,98,98,98,98,98,98,98,98,98,98,98,98,98,98,98,98,98,98,98,98,98,98,98,98,98,98,98,98,98,98,98,98,98,98,98,98,0,98,621,621,98,98,98,98,98,98,98,621,0,0,0,0,
98,0,98,98,0,0,98,98,98,0,98,98,98,98,98,98,0,98,98,98,98,0,0,0,98,98,98,98,98,98,98,98,98,98,98,98,98,98,98,98,98,98,98,98,98,98,98,98,98,98,98,98,98,98,98,98,98,98,98,98,98,98,98,98,98,98,98,98,98,98,98,98,98,98,98,98,98,98,98,98,98,98,98,98,98,98,98,98,98,98,98,98,98,98,621,621,0,0,0,0,
0,98,0,0,98,98,98,0,98,98,0,0,98,98,98,98,98,98,98,0,0,0,98,98,98,98,98,98,98,98,98,98,98,98,98,98,98,98,98,98,98,98,98,98,98,98,98,98,98,98,98,98,98,98,98,98,98,98,98,98,98,98,98,98,98,98,98,0,98,98,98,98,98,98,98,98,98,98,98,98,98,98,98,98,98,98,98,98,98,98,98,98,621,621,621,621,0,0,0,0,
98,0,98,98,98,98,0,98,0,0,98,98,98,98,98,98,98,98,0,98,98,98,98,98,98,98,98,98,98,98,98,98,98,98,98,98,98,98,98,98,98,98,98,98,98,98,98,98,98,98,98,98,98,98,98,98,98,98,98,98,98,98,98,98,0,0,98,98,98,98,98,98,98,98,98,98,98,98,98,98,98,98,98,98,98,98,98,98,98,98,98,98,98,621,621,621,0,0,0,0,
0,98,98,98,0,98,98,0,98,98,98,98,0,0,98,98,98,98,98,98,98,98,98,98,98,98,98,98,98,98,98,98,98,98,98,98,98,98,98,98,98,98,98,98,98,98,98,98,98,98,98,98,98,98,98,98,98,98,98,98,98,98,0,0,98,98,98,98,98,98,98,98,98,98,98,98,98,0,98,98,98,98,98,98,0,98,98,98,98,98,98,98,621,621,621,621,0,0,0,0,
98,98,0,0,0,0,98,98,98,98,98,0,98,98,98,98,98,0,98,98,98,98,98,98,98,98,98,98,98,98,98,98,98,98,98,98,98,98,98,98,98,98,98,98,98,98,98,98,98,98,98,98,98,98,98,98,98,98,98,98,0,0,98,98,98,98,98,98,98,98,98,98,98,98,98,98,98,98,98,98,98,98,0,98,98,98,98,98,98,98,98,98,621,621,621,621,0,0,0,0,
0,0,0,0,98,98,98,98,98,98,98,98,98,98,0,0,98,98,98,98,98,98,98,98,98,98,98,98,98,98,98,98,98,98,98,98,98,98,98,98,98,98,98,98,98,98,98,98,98,98,98,98,98,98,98,98,98,98,98,0,98,98,98,0,98,98,98,0,98,98,98,98,98,98,98,98,98,98,98,98,98,98,98,98,98,98,98,98,98,98,98,621,621,621,621,621,0,0,0,0,
0,0,98,98,98,98,98,98,98,98,98,98,98,0,98,98,98,98,98,98,98,98,98,98,98,98,98,98,98,98,98,98,98,98,98,98,98,98,98,98,98,98,98,98,98,98,98,98,98,98,98,98,98,98,98,98,98,0,0,98,98,98,98,98,98,0,98,98,0,98,0,98,98,0,98,98,98,98,98,98,98,98,98,98,98,98,98,98,98,621,621,621,621,621,621,621,0,0,0,0,
0,98,0,98,98,98,98,98,98,98,0,98,98,98,98,98,98,98,98,98,98,98,98,98,98,98,98,98,98,98,0,98,98,98,98,98,98,98,98,98,98,98,98,98,98,98,0,98,98,98,98,98,98,98,98,0,0,98,98,98,0,98,98,98,0,0,0,98,98,98,98,98,98,98,98,98,0,98,98,98,98,98,98,98,98,98,98,98,98,621,621,621,621,621,621,621,0,0,0,0,
98,0,98,98,98,98,0,98,0,0,98,98,98,98,98,98,98,98,98,98,98,98,98,98,98,98,98,98,98,98,98,0,0,98,98,98,98,98,98,98,98,98,98,98,0,98,98,0,98,98,98,98,98,98,98,0,98,98,0,98,98,98,98,0,0,98,98,98,98,98,98,98,98,0,0,98,98,0,98,98,98,98,98,98,98,98,98,98,621,621,98,98,621,621,621,621,0,0,0,0,
0,0,98,98,98,0,98,0,98,98,98,98,98,98,98,98,98,98,98,98,98,98,98,98,98,98,98,98,98,0,0,98,98,98,98,98,98,98,98,98,98,98,98,98,98,98,98,98,98,98,98,98,0,0,98,98,98,98,98,98,98,98,0,98,98,98,98,98,98,98,98,98,0,0,98,98,0,98,98,98,98,98,98,98,0,0,0,0,98,98,98,98,621,621,621,621,0,0,0,0,
0,0,98,98,98,98,98,98,98,98,98,98,98,98,98,98,98,98,98,0,98,98,98,98,98,98,98,0,98,98,98,98,98,98,98,98,98,98,98,98,98,98,0,0,98,98,98,98,98,98,98,0,98,98,98,98,98,0,98,0,98,98,98,98,98,98,0,98,98,98,98,0,0,98,98,98,98,98,98,98,98,0,0,98,98,0,0,98,98,0,98,621,621,621,98,98,0,0,0,0,
98,98,98,98,0,98,98,98,98,98,98,98,98,98,98,0,98,98,98,98,98,98,98,98,98,0,98,98,98,98,98,98,98,98,98,98,98,98,98,98,98,0,98,98,98,98,98,98,98,98,98,98,98,98,98,0,98,98,0,98,98,98,98,98,98,0,98,0,98,0,0,98,98,98,98,98,98,98,98,0,0,0,0,98,98,98,98,0,0,98,621,621,98,98,98,621,0,0,0,0,
0,98,98,98,98,98,98,98,98,98,98,98,98,98,98,98,0,98,98,98,98,98,98,98,98,98,98,98,98,98,98,98,98,98,98,98,98,98,98,98,98,98,98,98,98,98,98,98,98,98,98,98,98,0,0,98,0,98,98,98,98,98,0,98,0,98,0,98,0,0,98,98,98,0,98,98,98,98,98,0,98,98,98,98,0,0,0,0,98,0,98,98,98,621,621,621,0,0,0,0,
98,0,98,0,98,98,98,98,98,98,98,98,0,98,98,98,98,98,98,98,98,98,98,98,98,98,98,98,98,98,98,98,98,98,98,98,98,98,98,98,98,98,98,98,98,98,0,0,98,98,98,0,0,98,98,98,98,98,98,98,98,98,98,0,98,98,98,98,98,98,98,98,98,98,98,0,0,0,98,98,98,98,98,0,0,0,98,98,98,98,98,98,98,621,621,621,0,0,0,0,
0,98,98,98,98,98,98,98,98,98,98,98,98,98,98,98,98,98,98,98,98,98,98,98,98,98,98,98,98,0,98,98,98,98,98,98,98,98,98,98,98,98,98,98,0,98,98,98,98,0,0,0,98,0,98,98,98,98,98,98,98,0,0,98,98,98,98,98,0,98,98,98,98,98,0,0,98,98,98,98,98,98,0,98,98,98,98,98,0,98,98,621,621,621,621,621,0,0,0,0,
98,98,0,98,98,98,0,98,98,98,98,98,98,98,98,98,98,98,98,98,98,98,98,98,98,98,98,0,0,0,98,98,98,98,98,98,98,98,98,98,98,98,98,98,98,98,98,98,0,0,98,98,98,98,98,98,98,98,98,98,98,98,98,98,98,98,98,98,98,98,98,98,98,0,98,98,98,98,98,98,98,98,98,0,98,98,98,98,98,98,98,621,621,621,621,621,0,0,0,0,
98,0,98,98,98,0,98,98,98,98,98,98,98,98,98,98,98,98,98,98,98,98,98,98,98,0,0,0,98,98,98,98,98,98,98,98,98,98,98,98,98,98,0,98,98,98,98,0,0,98,98,98,0,98,98,98,98,98,98,98,98,98,98,98,98,0,98,98,98,98,98,98,0,98,0,98,98,98,98,98,0,0,98,98,98,98,98,98,98,98,621,621,621,621,621,621,0,0,0,0,
0,98,98,98,98,98,98,98,98,98,98,98,98,98,98,98,98,98,98,98,98,98,98,98,0,98,98,98,98,98,98,98,98,98,98,98,98,98,98,98,98,98,98,98,98,98,0,98,98,98,98,98,98,98,98,98,98,98,98,98,98,0,98,0,0,98,98,98,98,0,98,98,98,98,98,98,98,98,0,0,98,98,98,98,98,98,98,98,98,621,621,621,621,621,621,621,0,0,0,0,
98,98,98,98,98,98,98,98,98,98,98,98,98,98,98,98,98,98,98,98,98,98,0,98,98,98,98,98,98,98,98,98,98,98,98,98,98,98,98,98,98,98,98,98,98,98,98,98,98,98,98,98,98,98,98,98,98,98,98,98,98,98,0,98,98,0,98,98,0,98,98,98,98,98,98,98,0,0,98,98,98,98,98,98,0,98,98,98,621,621,621,621,98,98,98,98,0,0,0,0,
98,0,98,98,98,98,98,98,98,98,98,98,98,98,98,98,98,98,98,98,98,98,98,98,98,98,98,98,0,98,98,98,98,98,98,98,98,98,98,98,98,98,98,98,98,98,98,98,98,98,98,98,98,98,98,0,98,98,98,98,0,98,98,98,98,98,98,98,98,98,98,98,98,0,98,98,98,98,98,98,98,98,0,98,98,0,98,0,98,98,98,98,98,98,98,621,0,0,0,0,
0,98,98,98,98,98,98,98,98,98,98,98,98,0,98,98,98,98,98,98,98,98,98,98,98,0,0,98,98,98,0,98,98,98,98,98,0,98,98,98,98,98,98,98,98,98,98,98,98,98,98,98,98,98,98,98,98,98,98,98,98,98,98,98,98,98,98,98,98,98,98,0,98,98,98,98,98,98,98,98,98,98,98,0,98,98,98,98,98,98,0,98,98,98,98,98,0,0,0,0,
98,98,98,98,98,98,98,98,98,98,98,0,98,98,98,98,98,98,98,98,98,98,98,98,0,98,98,98,98,98,98,98,98,0,98,98,98,98,98,0,98,98,98,98,98,98,98,98,98,98,98,98,98,98,98,98,98,98,98,98,98,98,98,98,98,98,98,98,98,0,98,98,0,98,98,98,98,98,98,98,0,0,98,98,98,98,98,0,0,98,98,98,98,98,621,621,0,0,0,0,
0,0,98,98,98,98,98,98,98,98,98,98,98,98,98,98,98,98,98,98,98,98,98,98,98,98,98,98,98,98,98,98,98,98,98,98,0,98,98,98,98,98,98,98,98,98,98,98,98,98,0,0,98,98,0,98,98,98,98,98,98,98,98,98,98,98,98,98,98,98,0,98,98,98,98,98,98,98,98,98,98,98,98,98,98,0,0,98,98,98,98,98,621,621,621,621,0,0,0,0,
0,98,98,98,98,0,98,98,98,98,98,98,98,98,98,0,98,98,98,98,98,98,0,98,98,98,0,98,98,98,98,98,98,98,98,98,98,0,98,98,98,98,98,98,98,98,98,0,98,0,98,98,0,0,98,98,98,98,98,98,98,98,98,98,98,98,98,98,0,98,98,98,98,98,98,98,98,98,98,98,98,98,98,98,0,0,98,98,98,98,621,621,621,621,621,621,0,0,0,0,
98,98,98,0,98,98,98,98,98,98,98,98,98,98,98,98,98,98,98,98,98,98,98,0,0,98,98,0,98,98,98,98,98,98,98,0,0,98,98,98,98,98,98,98,98,98,98,98,0,98,0,0,98,98,98,98,98,98,98,98,98,98,0,98,98,98,0,98,98,98,98,98,98,98,98,98,98,98,98,98,98,98,0,0,98,98,98,98,621,621,621,621,621,621,621,621,0,0,0,0,
98,98,98,98,0,0,98,98,98,98,98,98,98,98,98,98,98,98,98,98,98,0,0,98,98,98,98,98,98,98,98,98,0,98,0,98,98,98,98,98,98,98,98,98,98,98,0,98,98,0,98,98,0,98,98,98,98,98,98,98,98,98,98,98,0,98,98,98,98,98,98,98,98,98,98,98,98,98,98,0,98,98,98,98,98,98,621,621,621,621,621,621,621,621,98,98,0,0,0,0,
98,98,98,98,98,98,0,0,98,98,98,98,98,98,98,98,98,98,98,98,0,98,98,98,98,98,98,98,98,98,0,0,98,98,98,98,98,98,98,98,98,98,98,98,98,98,98,98,98,98,0,98,98,98,98,98,98,98,0,98,98,0,0,98,98,98,98,98,98,98,98,98,98,98,98,98,0,98,98,98,98,98,98,98,621,621,621,621,621,621,621,621,621,98,98,621,0,0,0,0,
98,98,98,0,98,0,98,98,98,98,98,98,98,98,98,98,98,98,98,98,98,98,98,0,0,98,98,98,0,0,98,98,98,98,98,98,98,98,98,98,98,98,0,98,98,98,98,98,0,0,98,98,98,98,98,98,0,0,98,98,0,98,98,98,98,98,98,98,98,98,98,98,98,98,98,98,98,98,98,98,98,98,621,621,621,621,621,621,621,621,621,98,98,621,621,621,0,0,0,0,
98,0,98,98,98,98,98,98,98,98,98,98,98,98,98,98,98,98,0,98,98,98,98,98,98,0,98,0,98,98,98,98,98,98,98,0,98,98,98,0,98,98,98,98,98,98,0,0,0,98,98,98,98,98,98,0,98,98,0,98,98,98,98,98,98,98,98,98,98,98,98,98,98,98,98,98,98,98,98,98,0,0,98,621,621,621,621,621,621,98,98,98,621,621,621,621,0,0,0,0,
98,98,98,98,98,98,98,98,98,98,98,0,98,98,98,98,0,98,98,98,98,98,0,98,98,98,98,98,98,98,98,98,98,0,0,98,98,98,98,98,98,98,98,98,0,0,0,98,98,98,98,98,98,0,0,98,98,98,98,98,98,98,98,98,0,98,98,98,98,98,98,98,98,98,98,98,98,98,0,0,98,98,621,621,621,621,98,98,98,98,621,621,621,621,621,621,0,0,0,0,
98,98,98,0,98,98,98,98,98,0,0,98,0,98,0,98,98,98,98,0,0,0,98,98,98,98,98,98,0,98,98,0,0,98,98,98,0,98,98,98,98,98,0,0,0,98,98,98,98,98,98,98,0,98,98,98,98,98,98,98,98,98,0,0,98,0,98,98,98,98,98,98,98,98,98,98,98,0,98,98,98,621,621,621,98,98,98,621,621,621,621,621,621,621,621,621,0,0,0,0,
98,0,98,98,98,98,98,0,0,98,98,98,98,98,98,98,98,98,0,0,0,98,98,98,98,98,98,98,98,0,0,98,98,98,0,98,98,98,98,98,0,0,0,98,98,98,98,98,98,98,98,98,98,98,98,98,0,98,98,98,98,0,98,98,98,98,98,98,98,0,98,98,98,98,98,98,98,98,98,98,98,98,98,98,621,621,621,621,621,621,98,98,98,98,621,621,0,0,0,0,
0,98,98,98,0,0,0,0,98,98,98,98,98,0,0,98,0,0,0,98,98,98,98,98,98,98,98,0,0,98,98,98,0,98,98,98,98,98,98,0,0,0,98,98,98,98,98,98,98,98,98,98,98,98,0,98,98,98,98,0,98,98,98,98,98,98,98,0,98,98,98,98,98,98,98,98,98,98,98,98,98,98,0,98,98,98,98,98,98,98,98,0,98,621,621,98,0,0,0,0,
98,98,0,0,0,0,0,98,98,98,98,0,0,0,98,0,0,98,98,98,98,98,0,98,98,98,0,98,98,98,98,98,98,98,98,0,98,0,0,0,98,98,98,98,98,98,98,98,98,98,98,98,0,98,98,98,98,0,0,98,98,98,98,98,98,0,98,98,98,98,98,98,98,98,98,98,98,98,98,98,98,98,98,0,0,0,0,98,98,0,0,98,0,98,98,98,0,0,0,0,
98,0,0,0,0,98,98,98,98,0,0,0,98,98,0,98,98,0,98,98,0,0,98,98,98,98,98,0,98,98,98,98,98,0,98,98,0,0,98,98,98,98,98,98,98,98,98,98,98,98,0,98,98,98,98,0,98,98,98,0,98,98,98,0,98,98,98,98,98,98,98,98,98,98,98,0,98,98,98,98,0,0,0,0,98,98,98,0,0,0,98,98,98,98,98,621,0,0,0,0,
0,0,0,0,98,98,98,0,0,0,0,98,0,98,98,0,98,98,98,0,98,98,98,98,98,0,98,98,98,98,98,98,0,98,0,0,98,98,98,98,98,98,98,98,0,98,98,98,0,98,98,98,98,98,98,98,98,98,98,98,98,98,98,98,0,0,98,98,98,98,98,98,98,98,98,98,98,0,0,0,0,98,98,98,98,0,0,0,98,98,98,98,98,621,621,621,0,0,0,0,
0,0,98,98,98,98,0,0,0,98,98,98,98,0,98,98,98,98,0,98,98,98,98,0,98,98,98,98,98,98,0,98,98,0,98,98,98,98,98,98,98,98,98,98,98,98,0,98,98,98,98,98,98,98,98,98,98,98,0,98,98,98,0,0,98,98,98,98,98,98,98,98,98,98,98,0,0,0,98,98,98,98,0,0,0,0,98,98,98,98,621,621,621,621,621,621,0,0,0,0,
0,98,98,98,98,0,0,0,98,98,98,0,0,98,98,98,98,0,98,98,98,0,98,98,98,98,98,98,98,98,98,0,98,98,98,0,98,98,98,98,98,98,98,98,0,98,98,98,98,98,0,98,98,98,98,98,0,98,98,98,98,0,98,98,98,98,98,98,98,98,98,98,98,0,0,0,98,98,0,0,0,0,0,0,98,98,98,98,621,621,621,621,621,621,98,98,0,0,0,0,
98,98,98,98,0,0,98,98,98,0,0,98,98,0,98,98,98,98,98,98,98,98,98,98,98,98,0,98,98,0,98,98,98,98,98,98,0,98,98,98,0,98,0,98,98,98,98,98,0,0,98,98,98,98,98,98,98,0,98,0,0,98,98,98,98,98,98,98,98,98,98,0,0,98,98,98,0,0,0,0,0,98,98,98,98,621,621,621,621,621,621,621,98,98,621,621,0,0,0,0,
98,98,0,0,0,98,98,0,0,0,98,98,0,98,98,98,98,98,98,98,98,98,98,98,98,0,98,98,98,98,0,98,98,98,0,98,98,0,0,98,98,98,98,98,98,98,98,98,98,98,98,98,98,98,0,0,98,98,98,98,98,98,98,98,98,98,98,98,98,0,0,98,98,98,0,0,0,0,98,98,98,98,621,621,621,621,621,621,621,98,98,98,98,621,621,621,0,0,0,0,
98,0,0,98,98,0,0,0,98,98,98,0,98,98,98,98,98,98,98,98,98,98,98,0,98,98,98,0,0,0,98,98,0,0,98,0,0,98,98,98,98,98,98,98,98,98,0,98,98,98,98,98,0,0,98,98,98,98,98,98,98,98,98,98,98,98,98,0,0,98,98,98,0,0,0,98,98,98,98,98,98,621,621,621,621,621,98,98,98,98,98,621,621,621,621,621,0,0,0,0,
0,98,98,0,0,0,98,98,98,0,0,98,98,98,98,98,98,0,98,98,98,98,98,98,98,0,0,98,98,98,0,0,98,98,0,98,98,98,0,0,98,98,98,0,0,98,98,98,98,98,0,0,98,98,98,98,98,98,98,98,98,98,98,0,98,0,0,98,98,98,0,0,98,98,98,98,98,0,98,621,621,621,98,98,98,98,0,98,98,98,621,621,621,621,621,621,0,0,0,0,
98,0,0,0,0,98,98,98,0,0,98,98,98,98,98,98,0,98,0,98,98,98,98,98,0,98,98,0,98,0,98,98,0,98,98,98,0,0,0,98,98,0,98,98,98,98,98,98,0,98,98,98,98,98,98,98,98,98,98,98,98,621,621,98,0,98,98,98,0,0,98,98,98,98,0,0,0,98,0,98,98,98,0,0,0,98,98,98,621,621,621,621,621,621,621,621,0,0,0,0,
0,0,0,98,98,98,0,0,0,98,98,98,0,98,98,98,98,98,98,98,0,98,0,98,98,0,0,98,98,98,0,98,98,0,0,0,0,98,98,0,0,0,0,0,98,98,98,98,98,98,98,98,98,98,98,98,98,98,621,621,621,621,98,98,98,98,98,0,98,98,98,98,0,0,0,98,98,98,98,0,0,0,0,98,98,98,98,621,621,621,621,621,621,621,621,621,0,0,0,0,
0,0,98,98,98,0,0,98,98,98,98,98,98,98,98,0,98,98,98,0,98,98,98,0,0,98,98,98,98,98,98,0,0,0,0,98,98,0,0,0,0,0,98,98,98,98,98,98,98,98,98,98,98,98,98,98,621,621,621,621,621,98,98,0,98,0,98,98,0,98,0,0,98,98,98,0,0,0,0,0,0,98,98,98,98,621,621,621,621,621,621,621,621,621,621,621,0,0,0,0,
98,98,98,0,0,0,98,0,98,0,98,0,98,98,0,98,98,0,98,98,98,0,0,0,98,0,98,98,0,0,0,0,0,98,98,0,0,0,0,98,98,98,98,98,98,98,98,98,98,98,98,0,98,98,621,621,621,621,621,98,98,0,98,98,98,98,621,621,98,0,98,98,0,98,0,0,0,0,0,98,98,98,621,621,621,621,621,621,621,621,621,621,621,621,621,621,0,0,0,0,
98,98,0,0,0,98,98,98,0,98,0,98,98,98,98,98,0,98,98,0,0,0,0,98,0,0,0,0,0,0,0,98,98,0,0,0,0,98,98,98,98,98,98,98,98,98,98,98,98,0,0,98,98,621,621,621,621,98,98,0,98,98,98,98,621,621,621,98,98,98,0,98,98,0,0,0,0,98,98,98,98,621,621,621,621,621,621,621,621,621,621,621,621,621,621,621,0,0,0,0,
0,0,0,98,98,98,98,98,98,0,98,98,98,98,98,98,98,98,0,0,0,0,98,0,0,0,0,0,0,98,98,0,0,0,0,98,98,98,98,98,98,98,98,98,98,98,98,0,0,98,98,621,621,621,621,98,98,621,621,98,98,98,621,621,621,621,98,98,621,621,98,0,0,0,98,98,98,98,98,621,621,621,621,621,621,621,621,621,621,621,621,621,621,621,621,621,0,0,0,0,
0,0,98,98,98,98,98,0,98,98,98,98,98,98,98,98,0,0,0,0,0,98,0,0,0,0,0,98,98,0,0,0,98,98,98,98,98,98,98,98,0,0,98,98,98,0,0,98,98,98,621,621,621,621,98,98,621,621,98,98,621,621,621,621,621,621,621,621,621,98,0,0,98,98,98,98,98,621,621,621,621,621,621,621,621,621,621,621,621,621,621,621,621,621,621,621,0,0,0,0,
98,98,98,0,98,98,0,98,98,98,98,98,98,98,98,0,0,0,0,0,98,0,0,0,0,98,98,0,0,0,98,98,98,98,98,98,98,621,621,621,98,98,98,621,621,98,98,98,621,621,621,621,621,621,621,621,621,98,98,621,621,621,621,621,621,621,621,621,98,0,98,98,0,98,98,621,621,621,621,621,621,621,621,621,621,621,621,621,621,621,621,621,621,621,621,621,0,0,0,0,
98,98,98,98,0,98,98,0,98,98,98,98,98,98,0,0,0,0,0,98,0,0,0,98,98,0,0,0,98,98,98,98,98,98,98,621,621,621,98,98,621,621,621,621,98,98,621,621,621,621,621,621,621,621,621,98,98,621,621,621,621,621,621,621,621,621,621,98,98,98,0,98,98,621,621,621,621,621,621,621,621,621,621,621,621,621,621,621,621,621,621,621,621,621,621,621,0,0,0,0,
0,98,98,0,98,98,98,98,98,98,98,0,98,0,0,0,0,0,98,0,0,98,98,0,0,98,98,98,98,98,98,98,98,621,621,621,621,98,621,621,621,621,621,621,621,621,621,621,621,621,621,621,621,621,98,98,621,621,621,621,621,621,621,621,621,98,98,98,98,98,98,98,621,621,621,621,621,621,621,621,621,621,621,621,621,621,621,621,621,621,621,621,621,621,621,621,0,0,0,0,
98,0,0,98,98,98,98,98,98,0,0,98,0,0,0,0,98,98,0,0,98,98,98,98,98,0,0,0,0,98,98,621,621,621,621,621,621,621,621,621,621,621,621,621,621,621,621,621,621,621,621,621,621,621,621,621,621,621,621,621,621,621,621,621,621,98,98,98,98,98,621,621,621,621,621,621,621,621,621,621,621,621,621,621,621,621,621,621,621,621,621,621,621,621,621,621,0,0,0,0,
0,98,98,98,0,98,98,0,0,98,98,0,0,0,0,98,0,0,0,0,0,0,0,0,0,0,0,0,98,98,621,621,621,621,621,621,621,621,621,621,621,621,621,621,621,621,621,621,621,621,621,621,621,621,621,621,621,621,621,621,621,621,621,621,98,98,98,98,621,621,621,621,621,621,621,621,621,621,621,621,621,621,621,621,621,621,621,621,621,621,621,621,621,621,621,621,0,0,0,0,
98,98,0,98,98,98,0,0,98,0,0,0,0,0,98,0,0,0,0,0,0,0,0,0,0,0,0,98,621,621,621,621,621,621,621,621,621,621,621,621,621,621,621,621,621,621,621,621,621,621,621,621,621,621,621,621,621,621,621,621,621,621,621,621,621,621,621,621,621,621,621,621,621,621,621,621,621,621,621,621,621,621,621,621,621,621,621,621,621,621,621,621,621,621,621,621,0,0,0,0,
0,0,98,0,98,0,0,98,0,0,0,0,0,98,0,0,0,0,0,0,0,0,0,0,0,98,98,621,621,621,621,621,621,621,621,621,621,621,621,621,621,621,621,621,621,621,621,621,621,621,621,621,621,621,621,621,621,621,621,621,621,621,621,621,621,621,621,621,621,621,621,621,621,621,621,621,621,621,621,621,621,621,621,621,621,621,621,621,621,621,621,621,621,621,621,621,0,0,0,0,
98,98,0,98,0,98,98,0,0,0,0,0,98,0,0,0,0,0,0,0,0,0,0,98,98,621,621,621,621,621,621,621,621,621,621,621,621,621,621,621,621,621,621,621,621,621,621,621,621,621,621,621,621,621,621,621,621,621,621,621,621,621,621,621,621,621,621,621,621,621,621,621,621,621,621,621,621,621,621,621,621,621,621,621,621,621,621,621,621,621,621,621,621,621,621,621,0,0,0,0,
0,98,98,0,98,0,0,0,0,0,0,98,0,0,0,0,0,0,0,0,0,0,98,621,621,621,621,621,621,621,621,621,621,621,621,621,621,621,621,621,621,621,621,621,621,621,621,621,621,621,621,621,621,621,621,621,621,621,621,621,621,621,621,621,621,621,621,621,621,621,621,621,621,621,621,621,621,621,621,621,621,621,621,621,621,621,621,621,621,621,621,621,621,621,621,621,0,0,0,0,
98,0,0,98,0,0,0,0,0,98,98,0,0,0,0,0,0,0,0,0,98,98,621,621,621,621,621,621,621,621,621,621,621,621,621,621,621,621,621,621,621,621,621,621,621,621,621,621,621,621,621,621,621,621,621,621,621,621,621,621,621,621,621,621,621,621,621,621,621,621,621,621,621,621,621,621,621,621,621,621,621,621,621,621,621,621,621,621,621,621,621,621,621,621,621,621,0,0,0,0,
0,0,98,0,0,0,0,0,98,0,0,0,0,0,0,0,0,0,0,98,621,621,621,621,621,621,621,621,621,621,621,621,621,621,621,621,621,621,621,621,621,621,621,621,621,621,621,621,621,621,621,621,621,621,621,621,621,621,621,621,621,621,621,621,621,621,621,621,621,621,621,621,621,621,621,621,621,621,621,621,621,621,621,621,621,621,621,621,621,621,621,621,621,621,621,621,0,0,0,0,
0,98,0,0,0,0,98,98,0,0,0,0,0,0,0,0,0,98,98,621,621,621,621,621,621,621,621,621,621,621,621,621,621,621,621,621,621,621,621,621,621,621,621,621,621,621,621,621,621,621,621,621,621,621,621,621,621,621,621,621,621,621,621,621,621,621,621,621,621,621,621,621,621,621,621,621,621,621,621,621,621,621,621,621,621,621,621,621,621,621,621,621,621,621,621,621,0,0,0,0,
98,0,0,0,0,98,0,0,0,0,0,0,0,0,0,0,98,621,621,621,621,621,621,621,621,621,621,621,621,621,621,621,621,621,621,621,621,621,621,621,621,621,621,621,621,621,621,621,621,621,621,621,621,621,621,621,621,621,621,621,621,621,621,621,621,621,621,621,621,621,621,621,621,621,621,621,621,621,621,621,621,621,621,621,621,621,621,621,621,621,621,621,621,621,621,621,0,0,0,0,
0,0,0,98,98,0,0,0,0,0,0,0,0,0,98,98,621,621,621,621,621,621,621,621,621,621,621,621,621,621,621,621,621,621,621,621,621,621,621,621,621,621,621,621,621,621,621,621,621,621,621,621,621,621,621,621,621,621,621,621,621,621,621,621,621,621,621,621,621,621,621,621,621,621,621,621,621,621,621,621,621,621,621,621,621,621,621,621,621,621,621,621,621,621,621,621,0,0,0,0,
0,98,98,0,0,0,0,0,0,0,0,0,0,98,621,621,621,621,621,621,621,621,621,621,621,621,621,621,621,621,621,621,621,621,621,621,621,621,621,621,621,621,621,621,621,621,621,621,621,621,621,621,621,621,621,621,621,621,621,621,621,621,621,621,621,621,621,621,621,621,621,621,621,621,621,621,621,621,621,621,621,621,621,621,621,621,621,621,621,621,621,621,621,621,621,621,0,0,0,0,
98,0,0,0,0,0,0,0,0,0,0,0,98,621,621,621,621,621,621,621,621,621,621,621,621,621,621,621,621,621,621,621,621,621,621,621,621,621,621,621,621,621,621,621,621,621,621,621,621,621,621,621,621,621,621,621,621,621,621,621,621,621,621,621,621,621,621,621,621,621,621,621,621,621,621,621,621,621,621,621,621,621,621,621,621,621,621,621,621,621,621,621,621,621,621,621,0,0,0,0,
0,0,0,0,0,0,0,0,0,0,98,98,621,621,621,621,621,621,621,621,621,621,621,621,621,621,621,621,621,621,621,621,621,621,621,621,621,621,621,621,621,621,621,621,621,621,621,621,621,621,621,621,621,621,621,621,621,621,621,621,621,621,621,621,621,621,621,621,621,621,621,621,621,621,621,621,621,621,621,621,621,621,621,621,621,621,621,621,621,621,621,621,621,621,621,621,0,0,0,0,
0,0,0,0,0,0,0,0,0,98,621,621,621,621,621,621,0,0,0,0,0,0,0,0,0,0,0,0,0,0,0,0,0,0,0,0,0,0,0,0,0,0,0,0,0,0,0,0,0,0,0,0,0,0,0,0,0,0,0,0,0,0,0,0,0,0,0,0,0,0,0,0,0,0,0,0,0,0,0,0,0,0,0,0,0,0,0,0,0,0,0,0,0,0,0,0,0,0,0,0,
0,0,0,0,0,0,0,98,98,621,621,621,621,621,621,621,0,0,0,0,0,0,0,0,0,0,0,0,0,0,0,0,0,0,0,0,0,0,0,0,0,0,0,0,0,0,0,0,0,0,0,0,0,0,0,0,0,0,0,0,0,0,0,0,0,0,0,0,0,0,0,0,0,0,0,0,0,0,0,0,0,0,0,0,0,0,0,0,0,0,0,0,0,0,0,0,0,0,0,0,
0,0,0,0,98,98,98,621,621,621,621,621,621,621,621,621,0,0,0,0,0,0,0,0,0,0,0,0,0,0,0,0,0,0,0,0,0,0,0,0,0,0,0,0,0,0,0,0,0,0,0,0,0,0,0,0,0,0,0,0,0,0,0,0,0,0,0,0,0,0,0,0,0,0,0,0,0,0,0,0,0,0,0,0,0,0,0,0,0,0,0,0,0,0,0,0,0,0,0,0,
98,98,98,98,621,621,621,621,621,621,621,621,621,621,621,621,0,0,0,0,0,0,0,0,0,0,0,0,0,0,0,0,0,0,0,0,0,0,0,0,0,0,0,0,0,0,0,0,0,0,0,0,0,0,0,0,0,0,0,0,0,0,0,0,0,0,0,0,0,0,0,0,0,0,0,0,0,0,0,0,0,0,0,0,0,0,0,0,0,0,0,0,0,0,0,0,0,0,0,0
</data>
  </layer>
 </group>
 <group id="4" name="Grupa 2">
  <objectgroup id="3" name="Warstwa Obiektu 1"/>
 </group>
</map>
